Simulation Parameters:
Length: 1
Discretization: 20
Wind: (0, 0)
Start Fire Position: (10, 10)
-------------------------------------------
TimeStep	UpdateTime(ms)	DisplayTime(ms)	TotalTime(ms)
1	8.76523	74.0105	83.2457
2	25.2136	15.6817	40.899
3	0.281137	5.52974	5.81375
4	2.72451	5.55062	8.27798
5	1.65565	10.2485	11.9076
6	3.88621	8.68866	12.5782
7	0.268571	8.53553	8.80696
8	0.462993	2.58542	3.0514
9	1.04986	7.12924	8.1822
10	0.320744	7.78112	8.10494
11	2.18939	2.04854	4.24898
12	10.1586	1.92219	12.0919
13	3.14148	4.8485	8.00287
14	0.660664	2.70393	3.37581
15	0.624167	3.72885	4.36598
16	0.792109	10.0819	10.8855
17	0.513784	2.05748	2.58419
18	1.12363	7.07939	8.21753
19	0.575382	5.34547	5.9338
20	0.649622	2.80139	3.46294
21	3.28086	2.54594	5.83808
22	0.617577	3.80939	4.43923
23	0.590007	3.76097	4.36427
24	2.92962	3.89661	6.83783
25	0.676379	3.62343	4.31145
26	1.36165	6.01873	7.39152
27	0.666761	6.03138	6.71008
28	0.723024	2.07288	2.80722
29	0.648979	1.90627	2.56648
30	0.858531	2.86569	3.73534
31	1.23152	7.03119	8.27389

Time step 32
===============
32	7.84011	3.98083	11.8911
33	0.659762	2.98979	3.66187
34	4.07714	6.83988	10.9282
35	9.57742	4.51748	14.1093
36	5.46767	3.70234	9.18106
37	2.12107	5.16445	7.29681
38	0.59457	2.61366	3.22042
39	8.77272	2.30934	11.0935
40	1.28082	7.38221	8.6743
41	0.764604	2.33241	3.10986
42	2.96094	4.43243	7.40659
43	3.58588	5.74288	9.33955
44	0.621544	2.92173	3.55543
45	5.26966	8.36232	13.6434
46	4.27025	5.18957	9.47136
47	5.17985	3.24746	8.43917
48	0.80249	2.19448	3.01075
49	0.647141	2.06588	2.72566
50	0.652768	2.42609	3.08963
51	2.96892	6.91941	9.89958
52	6.76054	2.74672	9.51807
53	7.11224	3.85485	10.9795
54	0.662121	2.94292	3.61725
55	4.4926	2.0036	6.50737
56	3.06397	2.56418	5.63897
57	0.680166	3.35554	4.04661
58	1.34659	5.38617	6.74575
59	0.78863	2.33181	3.1329
60	1.87014	2.78968	4.67283
61	0.627061	4.82666	5.68716
62	0.896412	2.02455	2.92405
63	0.915485	5.31373	6.24222

Time step 64
===============
64	1.28028	2.67043	4.01042
65	0.643987	6.9364	7.5912
66	0.962761	5.55393	6.52785
67	0.717675	2.91146	3.64166
68	5.50459	5.37143	10.8895

Simulation Ended.
